Initial matrices, CPU:
   Matrix 1:
        7 51 82 89
        76 76 8 85
        54 63 23 63
        55 38 52 82

   Matrix 2:
        63 15 10 7
        76 37 27 39
        72 84 19 29
        22 19 70 81

Rotated matrices, CPU:
   Matrix 1:
        55 54 76 7
        38 63 76 51
        52 23 8 82
        82 63 85 89

   Matrix 2:
        22 72 76 63
        19 84 37 15
        70 19 27 10
        81 29 39 7

2nd rotation, CPU:
   Matrix 1:
        82 52 38 55
        63 23 63 54
        85 8 76 76
        89 82 51 7

   Matrix 2:
        81 70 19 22
        29 19 84 72
        39 27 37 76
        7 10 15 63

Initial matrices, GPU:

   Matrix 1:
        7 51 82 89
        76 76 8 85
        54 63 23 63
        55 38 52 82

   Matrix 2:
        63 15 10 7
        76 37 27 39
        72 84 19 29
        22 19 70 81
Rotated matrices, GPU:
   Matrix 1:
        55 54 76 7
        38 63 76 51
        52 23 8 82
        82 63 85 89

   Matrix 2:
        22 72 76 63
        19 84 37 15
        70 19 27 10
        81 29 39 7

2nd rotation, GPU:
   Matrix 1:
        82 52 38 55
        63 23 63 54
        85 8 76 76
        89 82 51 7

   Matrix 2:
        81 70 19 22
        29 19 84 72
        39 27 37 76
        7 10 15 63

