Initial matrices, CPU:
   Matrix 1:
        7 51 82 89 76
        76 8 85 54 63
        23 63 55 38 52
        82 63 15 10 7
        76 37 27 39 72

   Matrix 2:
        84 19 29 22 19
        70 81 22 52 70
        98 80 30 83 34
        93 58 98 48 49
        2 82 12 18 92

   Matrix 3:
        19 46 81 46 86
        54 83 57 83 57
        76 5 38 50 9
        61 48 89 91 83
        76 37 93 74 85

Rotated matrices, CPU:
   Matrix 1:
        76 82 23 76 7
        37 63 63 8 51
        27 15 55 85 82
        39 10 38 54 89
        72 7 52 63 76

   Matrix 2:
        2 93 98 70 84
        82 58 80 81 19
        12 98 30 22 29
        18 48 83 52 22
        92 49 34 70 19

   Matrix 3:
        76 61 76 54 19
        37 48 5 83 46
        93 89 38 57 81
        74 91 50 83 46
        85 83 9 57 86

2nd rotation, CPU:
   Matrix 1:
        72 39 27 37 76
        7 10 15 63 82
        52 38 55 63 23
        63 54 85 8 76
        76 89 82 51 7

   Matrix 2:
        92 18 12 82 2
        49 48 98 58 93
        34 83 30 80 98
        70 52 22 81 70
        19 22 29 19 84

   Matrix 3:
        85 74 93 37 76
        83 91 89 48 61
        9 50 38 5 76
        57 83 57 83 54
        86 46 81 46 19


Initial matrices, GPU:
   Matrix 1:
        7 51 82 89 76
        76 8 85 54 63
        23 63 55 38 52
        82 63 15 10 7
        76 37 27 39 72
   Matrix 2:
        84 19 29 22 19
        70 81 22 52 70
        98 80 30 83 34
        93 58 98 48 49
        2 82 12 18 92
   Matrix 3:
        19 46 81 46 86
        54 83 57 83 57
        76 5 38 50 9
        61 48 89 91 83
        76 37 93 74 85

Rotated matrices, GPU:
   Matrix 1:
        76 82 23 76 7
        37 63 63 8 51
        27 15 55 85 82
        39 10 38 54 89
        72 7 52 63 76

   Matrix 2:
        2 93 98 70 84
        82 58 80 81 19
        12 98 30 22 29
        18 48 83 52 22
        92 49 34 70 19

   Matrix 3:
        76 61 76 54 19
        37 48 5 83 46
        93 89 38 57 81
        74 91 50 83 46
        85 83 9 57 86


2nd rotation, GPU:
   Matrix 1:
        72 39 27 37 76
        7 10 15 63 82
        52 38 55 63 23
        63 54 85 8 76
        76 89 82 51 7
   Matrix 2:
        92 18 12 82 2
        49 48 98 58 93
        34 83 30 80 98
        70 52 22 81 70
        19 22 29 19 84
   Matrix 3:
        85 74 93 37 76
        83 91 89 48 61
        9 50 38 5 76
        57 83 57 83 54
        86 46 81 46 19


